{
 "cells": [
  {
   "cell_type": "code",
   "execution_count": 192,
   "id": "afcc3ecf-dbec-4a31-ba9d-635dc56cf1d9",
   "metadata": {},
   "outputs": [],
   "source": [
    "from selenium import webdriver\n",
    "from selenium.webdriver.chrome.service import Service\n",
    "from selenium.webdriver.common.by import By\n",
    "import time\n",
    "import pandas as pd"
   ]
  },
  {
   "cell_type": "code",
   "execution_count": 194,
   "id": "ead020e3-e195-43a1-9794-bce67cd75160",
   "metadata": {},
   "outputs": [],
   "source": [
    "path = '/Users/jonathanfarro/Desktop/chromedriver-mac-x64'"
   ]
  },
  {
   "cell_type": "code",
   "execution_count": 196,
   "id": "79538a13-83f9-4fe2-a854-3cfd41333696",
   "metadata": {},
   "outputs": [],
   "source": [
    "site = 'https://www.bls.gov/charts/consumer-price-index/consumer-price-index-average-price-data.htm'"
   ]
  },
  {
   "cell_type": "code",
   "execution_count": 198,
   "id": "b49315d6-c6c4-45d1-bfb8-2f05e7cc3b96",
   "metadata": {},
   "outputs": [
    {
     "name": "stdout",
     "output_type": "stream",
     "text": [
      "Average price data (in U.S. dollars), selected items\n"
     ]
    }
   ],
   "source": [
    "driver = webdriver.Chrome()\n",
    "driver.get(\"https://www.bls.gov/charts/consumer-price-index/consumer-price-index-average-price-data.htm\")\n",
    "#driver.maximize_window()\n",
    "print(driver.title)"
   ]
  },
  {
   "cell_type": "code",
   "execution_count": 199,
   "id": "ccb00889-c3b1-43a0-9be2-050d766f738d",
   "metadata": {},
   "outputs": [],
   "source": [
    "button = driver.find_element(By.XPATH, '//*[@id=\"bodytext\"]/div[3]/div[2]/a') \n",
    "button.click()"
   ]
  },
  {
   "cell_type": "code",
   "execution_count": 202,
   "id": "63c173f9-b6f7-4cd1-bd5b-139860e9ae99",
   "metadata": {},
   "outputs": [],
   "source": [
    "Month = []  #/p\n",
    "Chicken =[] #5\n",
    "Eggs =[]    #7\n",
    "Ground_Beef =[]  # 9\n",
    "Milk =[]   # 11\n",
    "\n",
    "drive = driver.find_elements(By.TAG_NAME,'tr')\n",
    "\n",
    "\n",
    "for i in range(1, len(drive)):\n",
    "    try:\n",
    "        chicken_cell = driver.find_element(By.XPATH, f'//*[@id=\"cpi_rc_5cpiavprd\"]/tbody/tr[{i}]/td[5]')\n",
    "        Chicken.append(chicken_cell.text)\n",
    "\n",
    "        eggs_cell = driver.find_element(By.XPATH, f'//*[@id=\"cpi_rc_5cpiavprd\"]/tbody/tr[{i}]/td[7]') \n",
    "        Eggs.append(eggs_cell.text)\n",
    "\n",
    "        ground_beef_cell = driver.find_element(By.XPATH, f'//*[@id=\"cpi_rc_5cpiavprd\"]/tbody/tr[{i}]/td[9]') \n",
    "        Ground_Beef.append(ground_beef_cell.text)\n",
    "\n",
    "        milk_cell = driver.find_element(By.XPATH, f'//*[@id=\"cpi_rc_5cpiavprd\"]/tbody/tr[{i}]/td[11]')  \n",
    "        Milk.append(milk_cell.text)\n",
    "\n",
    "        month_cell = driver.find_element(By.XPATH, f'//*[@id=\"cpi_rc_5cpiavprd-{i}-0\"]/p') \n",
    "        Month.append(month_cell.text) \n",
    "\n",
    "\n",
    "    except:\n",
    "        print(f\"Error extracting data from row {i}\") \n",
    "\n"
   ]
  },
  {
   "cell_type": "code",
   "execution_count": 203,
   "id": "64dc9c2b-a65b-4051-b092-62d3a4f18b5f",
   "metadata": {},
   "outputs": [],
   "source": [
    "data = {\n",
    "    'month': Month,\n",
    "    'chicken': Chicken,\n",
    "    'eggs': Eggs,\n",
    "    'ground_beef': Ground_Beef,\n",
    "    'milk': Milk\n",
    "}\n"
   ]
  },
  {
   "cell_type": "code",
   "execution_count": 204,
   "id": "a733c8d6-2cbe-4599-a6bd-243f357e369b",
   "metadata": {},
   "outputs": [],
   "source": [
    "df = pd.DataFrame(data)"
   ]
  },
  {
   "cell_type": "code",
   "execution_count": 205,
   "id": "6191d280-39d5-4848-b103-4c419527ab35",
   "metadata": {},
   "outputs": [
    {
     "data": {
      "text/html": [
       "<div>\n",
       "<style scoped>\n",
       "    .dataframe tbody tr th:only-of-type {\n",
       "        vertical-align: middle;\n",
       "    }\n",
       "\n",
       "    .dataframe tbody tr th {\n",
       "        vertical-align: top;\n",
       "    }\n",
       "\n",
       "    .dataframe thead th {\n",
       "        text-align: right;\n",
       "    }\n",
       "</style>\n",
       "<table border=\"1\" class=\"dataframe\">\n",
       "  <thead>\n",
       "    <tr style=\"text-align: right;\">\n",
       "      <th></th>\n",
       "      <th>month</th>\n",
       "      <th>chicken</th>\n",
       "      <th>eggs</th>\n",
       "      <th>ground_beef</th>\n",
       "      <th>milk</th>\n",
       "    </tr>\n",
       "  </thead>\n",
       "  <tbody>\n",
       "    <tr>\n",
       "      <th>0</th>\n",
       "      <td>Oct 2004</td>\n",
       "      <td>1.078</td>\n",
       "      <td>1.089</td>\n",
       "      <td>2.484</td>\n",
       "      <td>3.161</td>\n",
       "    </tr>\n",
       "    <tr>\n",
       "      <th>1</th>\n",
       "      <td>Nov 2004</td>\n",
       "      <td>1.039</td>\n",
       "      <td>1.085</td>\n",
       "      <td>2.461</td>\n",
       "      <td>3.219</td>\n",
       "    </tr>\n",
       "    <tr>\n",
       "      <th>2</th>\n",
       "      <td>Dec 2004</td>\n",
       "      <td>1.030</td>\n",
       "      <td>1.199</td>\n",
       "      <td>2.465</td>\n",
       "      <td>3.233</td>\n",
       "    </tr>\n",
       "    <tr>\n",
       "      <th>3</th>\n",
       "      <td>Jan 2005</td>\n",
       "      <td>1.026</td>\n",
       "      <td>1.211</td>\n",
       "      <td>2.478</td>\n",
       "      <td>3.304</td>\n",
       "    </tr>\n",
       "    <tr>\n",
       "      <th>4</th>\n",
       "      <td>Feb 2005</td>\n",
       "      <td>1.038</td>\n",
       "      <td>1.284</td>\n",
       "      <td>2.531</td>\n",
       "      <td>3.176</td>\n",
       "    </tr>\n",
       "    <tr>\n",
       "      <th>...</th>\n",
       "      <td>...</td>\n",
       "      <td>...</td>\n",
       "      <td>...</td>\n",
       "      <td>...</td>\n",
       "      <td>...</td>\n",
       "    </tr>\n",
       "    <tr>\n",
       "      <th>236</th>\n",
       "      <td>June 2024</td>\n",
       "      <td>2.007</td>\n",
       "      <td>2.715</td>\n",
       "      <td>5.364</td>\n",
       "      <td>3.956</td>\n",
       "    </tr>\n",
       "    <tr>\n",
       "      <th>237</th>\n",
       "      <td>July 2024</td>\n",
       "      <td>1.988</td>\n",
       "      <td>3.080</td>\n",
       "      <td>5.470</td>\n",
       "      <td>3.983</td>\n",
       "    </tr>\n",
       "    <tr>\n",
       "      <th>238</th>\n",
       "      <td>Aug 2024</td>\n",
       "      <td>1.988</td>\n",
       "      <td>3.204</td>\n",
       "      <td>5.638</td>\n",
       "      <td>4.044</td>\n",
       "    </tr>\n",
       "    <tr>\n",
       "      <th>239</th>\n",
       "      <td>Sept 2024</td>\n",
       "      <td>1.979</td>\n",
       "      <td>3.821</td>\n",
       "      <td>5.576</td>\n",
       "      <td>4.021</td>\n",
       "    </tr>\n",
       "    <tr>\n",
       "      <th>240</th>\n",
       "      <td>Oct 2024</td>\n",
       "      <td>1.987</td>\n",
       "      <td>3.370</td>\n",
       "      <td>5.586</td>\n",
       "      <td>4.041</td>\n",
       "    </tr>\n",
       "  </tbody>\n",
       "</table>\n",
       "<p>241 rows × 5 columns</p>\n",
       "</div>"
      ],
      "text/plain": [
       "         month chicken   eggs ground_beef   milk\n",
       "0     Oct 2004   1.078  1.089       2.484  3.161\n",
       "1     Nov 2004   1.039  1.085       2.461  3.219\n",
       "2     Dec 2004   1.030  1.199       2.465  3.233\n",
       "3     Jan 2005   1.026  1.211       2.478  3.304\n",
       "4     Feb 2005   1.038  1.284       2.531  3.176\n",
       "..         ...     ...    ...         ...    ...\n",
       "236  June 2024   2.007  2.715       5.364  3.956\n",
       "237  July 2024   1.988  3.080       5.470  3.983\n",
       "238   Aug 2024   1.988  3.204       5.638  4.044\n",
       "239  Sept 2024   1.979  3.821       5.576  4.021\n",
       "240   Oct 2024   1.987  3.370       5.586  4.041\n",
       "\n",
       "[241 rows x 5 columns]"
      ]
     },
     "execution_count": 205,
     "metadata": {},
     "output_type": "execute_result"
    }
   ],
   "source": [
    "df"
   ]
  },
  {
   "cell_type": "code",
   "execution_count": 210,
   "id": "2d76f8b7-c351-47c2-9055-7adb91269f22",
   "metadata": {},
   "outputs": [],
   "source": [
    "month = []\n",
    "year = []\n",
    "\n",
    "for index, row in df.iterrows():  # Use iterrows() to loop through rows\n",
    "    date_str = row['month']  \n",
    "    month_str, year_str = date_str.split()  # Split the string by space\n",
    "    month.append(month_str)\n",
    "    year.append(year_str)\n",
    "\n",
    "\n",
    "df['month'] = month\n",
    "df['year'] = year\n"
   ]
  },
  {
   "cell_type": "code",
   "execution_count": 220,
   "id": "e8798c84-9b18-44d8-98ea-1cfe31e1183e",
   "metadata": {},
   "outputs": [
    {
     "data": {
      "text/html": [
       "<div>\n",
       "<style scoped>\n",
       "    .dataframe tbody tr th:only-of-type {\n",
       "        vertical-align: middle;\n",
       "    }\n",
       "\n",
       "    .dataframe tbody tr th {\n",
       "        vertical-align: top;\n",
       "    }\n",
       "\n",
       "    .dataframe thead th {\n",
       "        text-align: right;\n",
       "    }\n",
       "</style>\n",
       "<table border=\"1\" class=\"dataframe\">\n",
       "  <thead>\n",
       "    <tr style=\"text-align: right;\">\n",
       "      <th></th>\n",
       "      <th>month</th>\n",
       "      <th>chicken</th>\n",
       "      <th>eggs</th>\n",
       "      <th>ground_beef</th>\n",
       "      <th>milk</th>\n",
       "      <th>year</th>\n",
       "    </tr>\n",
       "  </thead>\n",
       "  <tbody>\n",
       "    <tr>\n",
       "      <th>0</th>\n",
       "      <td>Oct</td>\n",
       "      <td>1.078</td>\n",
       "      <td>1.089</td>\n",
       "      <td>2.484</td>\n",
       "      <td>3.161</td>\n",
       "      <td>2004</td>\n",
       "    </tr>\n",
       "    <tr>\n",
       "      <th>1</th>\n",
       "      <td>Nov</td>\n",
       "      <td>1.039</td>\n",
       "      <td>1.085</td>\n",
       "      <td>2.461</td>\n",
       "      <td>3.219</td>\n",
       "      <td>2004</td>\n",
       "    </tr>\n",
       "    <tr>\n",
       "      <th>2</th>\n",
       "      <td>Dec</td>\n",
       "      <td>1.030</td>\n",
       "      <td>1.199</td>\n",
       "      <td>2.465</td>\n",
       "      <td>3.233</td>\n",
       "      <td>2004</td>\n",
       "    </tr>\n",
       "    <tr>\n",
       "      <th>3</th>\n",
       "      <td>Jan</td>\n",
       "      <td>1.026</td>\n",
       "      <td>1.211</td>\n",
       "      <td>2.478</td>\n",
       "      <td>3.304</td>\n",
       "      <td>2005</td>\n",
       "    </tr>\n",
       "    <tr>\n",
       "      <th>4</th>\n",
       "      <td>Feb</td>\n",
       "      <td>1.038</td>\n",
       "      <td>1.284</td>\n",
       "      <td>2.531</td>\n",
       "      <td>3.176</td>\n",
       "      <td>2005</td>\n",
       "    </tr>\n",
       "    <tr>\n",
       "      <th>...</th>\n",
       "      <td>...</td>\n",
       "      <td>...</td>\n",
       "      <td>...</td>\n",
       "      <td>...</td>\n",
       "      <td>...</td>\n",
       "      <td>...</td>\n",
       "    </tr>\n",
       "    <tr>\n",
       "      <th>236</th>\n",
       "      <td>June</td>\n",
       "      <td>2.007</td>\n",
       "      <td>2.715</td>\n",
       "      <td>5.364</td>\n",
       "      <td>3.956</td>\n",
       "      <td>2024</td>\n",
       "    </tr>\n",
       "    <tr>\n",
       "      <th>237</th>\n",
       "      <td>July</td>\n",
       "      <td>1.988</td>\n",
       "      <td>3.080</td>\n",
       "      <td>5.470</td>\n",
       "      <td>3.983</td>\n",
       "      <td>2024</td>\n",
       "    </tr>\n",
       "    <tr>\n",
       "      <th>238</th>\n",
       "      <td>Aug</td>\n",
       "      <td>1.988</td>\n",
       "      <td>3.204</td>\n",
       "      <td>5.638</td>\n",
       "      <td>4.044</td>\n",
       "      <td>2024</td>\n",
       "    </tr>\n",
       "    <tr>\n",
       "      <th>239</th>\n",
       "      <td>Sept</td>\n",
       "      <td>1.979</td>\n",
       "      <td>3.821</td>\n",
       "      <td>5.576</td>\n",
       "      <td>4.021</td>\n",
       "      <td>2024</td>\n",
       "    </tr>\n",
       "    <tr>\n",
       "      <th>240</th>\n",
       "      <td>Oct</td>\n",
       "      <td>1.987</td>\n",
       "      <td>3.370</td>\n",
       "      <td>5.586</td>\n",
       "      <td>4.041</td>\n",
       "      <td>2024</td>\n",
       "    </tr>\n",
       "  </tbody>\n",
       "</table>\n",
       "<p>241 rows × 6 columns</p>\n",
       "</div>"
      ],
      "text/plain": [
       "    month chicken   eggs ground_beef   milk  year\n",
       "0     Oct   1.078  1.089       2.484  3.161  2004\n",
       "1     Nov   1.039  1.085       2.461  3.219  2004\n",
       "2     Dec   1.030  1.199       2.465  3.233  2004\n",
       "3     Jan   1.026  1.211       2.478  3.304  2005\n",
       "4     Feb   1.038  1.284       2.531  3.176  2005\n",
       "..    ...     ...    ...         ...    ...   ...\n",
       "236  June   2.007  2.715       5.364  3.956  2024\n",
       "237  July   1.988  3.080       5.470  3.983  2024\n",
       "238   Aug   1.988  3.204       5.638  4.044  2024\n",
       "239  Sept   1.979  3.821       5.576  4.021  2024\n",
       "240   Oct   1.987  3.370       5.586  4.041  2024\n",
       "\n",
       "[241 rows x 6 columns]"
      ]
     },
     "execution_count": 220,
     "metadata": {},
     "output_type": "execute_result"
    }
   ],
   "source": [
    "df"
   ]
  },
  {
   "cell_type": "code",
   "execution_count": 214,
   "id": "ea560566-3a60-4fad-9ca9-dab1509cb94d",
   "metadata": {},
   "outputs": [
    {
     "data": {
      "text/html": [
       "<div>\n",
       "<style scoped>\n",
       "    .dataframe tbody tr th:only-of-type {\n",
       "        vertical-align: middle;\n",
       "    }\n",
       "\n",
       "    .dataframe tbody tr th {\n",
       "        vertical-align: top;\n",
       "    }\n",
       "\n",
       "    .dataframe thead th {\n",
       "        text-align: right;\n",
       "    }\n",
       "</style>\n",
       "<table border=\"1\" class=\"dataframe\">\n",
       "  <thead>\n",
       "    <tr style=\"text-align: right;\">\n",
       "      <th></th>\n",
       "      <th>chicken</th>\n",
       "      <th>eggs</th>\n",
       "      <th>ground_beef</th>\n",
       "      <th>milk</th>\n",
       "      <th>month</th>\n",
       "      <th>year</th>\n",
       "    </tr>\n",
       "  </thead>\n",
       "  <tbody>\n",
       "    <tr>\n",
       "      <th>0</th>\n",
       "      <td>1.078</td>\n",
       "      <td>1.089</td>\n",
       "      <td>2.484</td>\n",
       "      <td>3.161</td>\n",
       "      <td>Oct</td>\n",
       "      <td>2004</td>\n",
       "    </tr>\n",
       "    <tr>\n",
       "      <th>1</th>\n",
       "      <td>1.039</td>\n",
       "      <td>1.085</td>\n",
       "      <td>2.461</td>\n",
       "      <td>3.219</td>\n",
       "      <td>Nov</td>\n",
       "      <td>2004</td>\n",
       "    </tr>\n",
       "    <tr>\n",
       "      <th>2</th>\n",
       "      <td>1.030</td>\n",
       "      <td>1.199</td>\n",
       "      <td>2.465</td>\n",
       "      <td>3.233</td>\n",
       "      <td>Dec</td>\n",
       "      <td>2004</td>\n",
       "    </tr>\n",
       "    <tr>\n",
       "      <th>3</th>\n",
       "      <td>1.026</td>\n",
       "      <td>1.211</td>\n",
       "      <td>2.478</td>\n",
       "      <td>3.304</td>\n",
       "      <td>Jan</td>\n",
       "      <td>2005</td>\n",
       "    </tr>\n",
       "    <tr>\n",
       "      <th>4</th>\n",
       "      <td>1.038</td>\n",
       "      <td>1.284</td>\n",
       "      <td>2.531</td>\n",
       "      <td>3.176</td>\n",
       "      <td>Feb</td>\n",
       "      <td>2005</td>\n",
       "    </tr>\n",
       "    <tr>\n",
       "      <th>...</th>\n",
       "      <td>...</td>\n",
       "      <td>...</td>\n",
       "      <td>...</td>\n",
       "      <td>...</td>\n",
       "      <td>...</td>\n",
       "      <td>...</td>\n",
       "    </tr>\n",
       "    <tr>\n",
       "      <th>236</th>\n",
       "      <td>2.007</td>\n",
       "      <td>2.715</td>\n",
       "      <td>5.364</td>\n",
       "      <td>3.956</td>\n",
       "      <td>June</td>\n",
       "      <td>2024</td>\n",
       "    </tr>\n",
       "    <tr>\n",
       "      <th>237</th>\n",
       "      <td>1.988</td>\n",
       "      <td>3.080</td>\n",
       "      <td>5.470</td>\n",
       "      <td>3.983</td>\n",
       "      <td>July</td>\n",
       "      <td>2024</td>\n",
       "    </tr>\n",
       "    <tr>\n",
       "      <th>238</th>\n",
       "      <td>1.988</td>\n",
       "      <td>3.204</td>\n",
       "      <td>5.638</td>\n",
       "      <td>4.044</td>\n",
       "      <td>Aug</td>\n",
       "      <td>2024</td>\n",
       "    </tr>\n",
       "    <tr>\n",
       "      <th>239</th>\n",
       "      <td>1.979</td>\n",
       "      <td>3.821</td>\n",
       "      <td>5.576</td>\n",
       "      <td>4.021</td>\n",
       "      <td>Sept</td>\n",
       "      <td>2024</td>\n",
       "    </tr>\n",
       "    <tr>\n",
       "      <th>240</th>\n",
       "      <td>1.987</td>\n",
       "      <td>3.370</td>\n",
       "      <td>5.586</td>\n",
       "      <td>4.041</td>\n",
       "      <td>Oct</td>\n",
       "      <td>2024</td>\n",
       "    </tr>\n",
       "  </tbody>\n",
       "</table>\n",
       "<p>241 rows × 6 columns</p>\n",
       "</div>"
      ],
      "text/plain": [
       "    chicken   eggs ground_beef   milk month  year\n",
       "0     1.078  1.089       2.484  3.161   Oct  2004\n",
       "1     1.039  1.085       2.461  3.219   Nov  2004\n",
       "2     1.030  1.199       2.465  3.233   Dec  2004\n",
       "3     1.026  1.211       2.478  3.304   Jan  2005\n",
       "4     1.038  1.284       2.531  3.176   Feb  2005\n",
       "..      ...    ...         ...    ...   ...   ...\n",
       "236   2.007  2.715       5.364  3.956  June  2024\n",
       "237   1.988  3.080       5.470  3.983  July  2024\n",
       "238   1.988  3.204       5.638  4.044   Aug  2024\n",
       "239   1.979  3.821       5.576  4.021  Sept  2024\n",
       "240   1.987  3.370       5.586  4.041   Oct  2024\n",
       "\n",
       "[241 rows x 6 columns]"
      ]
     },
     "execution_count": 214,
     "metadata": {},
     "output_type": "execute_result"
    }
   ],
   "source": [
    "newdf = df[['chicken','eggs','ground_beef','milk','month','year']]\n",
    "newdf"
   ]
  },
  {
   "cell_type": "code",
   "execution_count": 234,
   "id": "804e7d13-91d6-4a40-8001-df648f082595",
   "metadata": {},
   "outputs": [],
   "source": [
    "path = r'/Users/jonathanfarro/Desktop/ Capstone Files/scraped_csvs'\n",
    "\n",
    "newdf.to_csv(path +'average_pricing_USAfoods.csv',index = False) "
   ]
  },
  {
   "cell_type": "code",
   "execution_count": 250,
   "id": "2ed600f8-7997-477d-845e-244074c9bd62",
   "metadata": {},
   "outputs": [
    {
     "data": {
      "text/html": [
       "<div>\n",
       "<style scoped>\n",
       "    .dataframe tbody tr th:only-of-type {\n",
       "        vertical-align: middle;\n",
       "    }\n",
       "\n",
       "    .dataframe tbody tr th {\n",
       "        vertical-align: top;\n",
       "    }\n",
       "\n",
       "    .dataframe thead th {\n",
       "        text-align: right;\n",
       "    }\n",
       "</style>\n",
       "<table border=\"1\" class=\"dataframe\">\n",
       "  <thead>\n",
       "    <tr style=\"text-align: right;\">\n",
       "      <th></th>\n",
       "      <th>chicken</th>\n",
       "      <th>eggs</th>\n",
       "      <th>ground_beef</th>\n",
       "      <th>milk</th>\n",
       "      <th>month</th>\n",
       "      <th>year</th>\n",
       "    </tr>\n",
       "  </thead>\n",
       "  <tbody>\n",
       "    <tr>\n",
       "      <th>0</th>\n",
       "      <td>1.078</td>\n",
       "      <td>1.089</td>\n",
       "      <td>2.484</td>\n",
       "      <td>3.161</td>\n",
       "      <td>Oct</td>\n",
       "      <td>2004</td>\n",
       "    </tr>\n",
       "    <tr>\n",
       "      <th>1</th>\n",
       "      <td>1.039</td>\n",
       "      <td>1.085</td>\n",
       "      <td>2.461</td>\n",
       "      <td>3.219</td>\n",
       "      <td>Nov</td>\n",
       "      <td>2004</td>\n",
       "    </tr>\n",
       "    <tr>\n",
       "      <th>2</th>\n",
       "      <td>1.030</td>\n",
       "      <td>1.199</td>\n",
       "      <td>2.465</td>\n",
       "      <td>3.233</td>\n",
       "      <td>Dec</td>\n",
       "      <td>2004</td>\n",
       "    </tr>\n",
       "    <tr>\n",
       "      <th>3</th>\n",
       "      <td>1.026</td>\n",
       "      <td>1.211</td>\n",
       "      <td>2.478</td>\n",
       "      <td>3.304</td>\n",
       "      <td>Jan</td>\n",
       "      <td>2005</td>\n",
       "    </tr>\n",
       "    <tr>\n",
       "      <th>4</th>\n",
       "      <td>1.038</td>\n",
       "      <td>1.284</td>\n",
       "      <td>2.531</td>\n",
       "      <td>3.176</td>\n",
       "      <td>Feb</td>\n",
       "      <td>2005</td>\n",
       "    </tr>\n",
       "    <tr>\n",
       "      <th>...</th>\n",
       "      <td>...</td>\n",
       "      <td>...</td>\n",
       "      <td>...</td>\n",
       "      <td>...</td>\n",
       "      <td>...</td>\n",
       "      <td>...</td>\n",
       "    </tr>\n",
       "    <tr>\n",
       "      <th>236</th>\n",
       "      <td>2.007</td>\n",
       "      <td>2.715</td>\n",
       "      <td>5.364</td>\n",
       "      <td>3.956</td>\n",
       "      <td>June</td>\n",
       "      <td>2024</td>\n",
       "    </tr>\n",
       "    <tr>\n",
       "      <th>237</th>\n",
       "      <td>1.988</td>\n",
       "      <td>3.080</td>\n",
       "      <td>5.470</td>\n",
       "      <td>3.983</td>\n",
       "      <td>July</td>\n",
       "      <td>2024</td>\n",
       "    </tr>\n",
       "    <tr>\n",
       "      <th>238</th>\n",
       "      <td>1.988</td>\n",
       "      <td>3.204</td>\n",
       "      <td>5.638</td>\n",
       "      <td>4.044</td>\n",
       "      <td>Aug</td>\n",
       "      <td>2024</td>\n",
       "    </tr>\n",
       "    <tr>\n",
       "      <th>239</th>\n",
       "      <td>1.979</td>\n",
       "      <td>3.821</td>\n",
       "      <td>5.576</td>\n",
       "      <td>4.021</td>\n",
       "      <td>Sept</td>\n",
       "      <td>2024</td>\n",
       "    </tr>\n",
       "    <tr>\n",
       "      <th>240</th>\n",
       "      <td>1.987</td>\n",
       "      <td>3.370</td>\n",
       "      <td>5.586</td>\n",
       "      <td>4.041</td>\n",
       "      <td>Oct</td>\n",
       "      <td>2024</td>\n",
       "    </tr>\n",
       "  </tbody>\n",
       "</table>\n",
       "<p>241 rows × 6 columns</p>\n",
       "</div>"
      ],
      "text/plain": [
       "    chicken   eggs  ground_beef   milk month  year\n",
       "0     1.078  1.089        2.484  3.161   Oct  2004\n",
       "1     1.039  1.085        2.461  3.219   Nov  2004\n",
       "2     1.030  1.199        2.465  3.233   Dec  2004\n",
       "3     1.026  1.211        2.478  3.304   Jan  2005\n",
       "4     1.038  1.284        2.531  3.176   Feb  2005\n",
       "..      ...    ...          ...    ...   ...   ...\n",
       "236   2.007  2.715        5.364  3.956  June  2024\n",
       "237   1.988  3.080        5.470  3.983  July  2024\n",
       "238   1.988  3.204        5.638  4.044   Aug  2024\n",
       "239   1.979  3.821        5.576  4.021  Sept  2024\n",
       "240   1.987  3.370        5.586  4.041   Oct  2024\n",
       "\n",
       "[241 rows x 6 columns]"
      ]
     },
     "execution_count": 250,
     "metadata": {},
     "output_type": "execute_result"
    }
   ],
   "source": [
    "pd.read_csv('/Users/jonathanfarro/Desktop/ Capstone Files/animal-protein-consumption/average_price_food_usa.csv')"
   ]
  },
  {
   "cell_type": "code",
   "execution_count": null,
   "id": "4fbc05ba-a85f-4ed4-9d03-69b8fc00dda0",
   "metadata": {},
   "outputs": [],
   "source": []
  }
 ],
 "metadata": {
  "kernelspec": {
   "display_name": "Python 3 (ipykernel)",
   "language": "python",
   "name": "python3"
  },
  "language_info": {
   "codemirror_mode": {
    "name": "ipython",
    "version": 3
   },
   "file_extension": ".py",
   "mimetype": "text/x-python",
   "name": "python",
   "nbconvert_exporter": "python",
   "pygments_lexer": "ipython3",
   "version": "3.12.4"
  }
 },
 "nbformat": 4,
 "nbformat_minor": 5
}
